52
23
1 0 1 0 1 1 1 0 0 1 0 0 1 0 0 0 0 0 0 0 1 0 1
52
1 1 1 0 0 0 1 1 0 0 0 1 0 1 0 0 0 0 0 0 0 1 1 1 1 1 0 0 0 1 0 0 0 1 1 1 1 1 0 0 0 1 0 1 1 0 1 0 1 0 1 0
77
1 1 1 0 1 0 0 1 1 1 0 0 1 0 1 0 1 1 0 1 1 1 0 0 1 0 0 1 1 1 0 1 0 1 1 1 0 0 1 1 1 1 0 1 1 1 1 0 0 0 1 0 1 0 0 0 0 0 1 0 1 1 0 1 1 0 0 0 0 1 1 1 0 0 0 1 0
37
1 1 0 0 0 1 0 0 0 0 0 1 0 0 0 1 0 1 1 0 1 1 1 1 1 1 0 0 1 0 1 1 1 1 0 0 1
27
1 0 0 0 1 1 1 0 0 1 1 1 0 1 0 1 1 1 1 0 0 0 0 1 1 0 1
36
1 1 0 0 0 1 1 0 1 1 0 1 0 0 0 1 0 0 0 1 1 0 0 1 1 1 0 0 1 1 0 1 0 0 1 1
48
1 0 1 0 0 1 0 0 1 0 1 1 0 0 1 0 1 0 1 1 1 1 1 0 0 0 1 1 0 1 1 0 1 0 1 0 1 0 1 0 0 0 0 0 1 1 0 1
54
1 0 0 0 1 0 0 1 0 1 0 1 0 1 1 0 0 0 1 0 0 1 1 1 0 0 1 0 0 0 1 1 1 0 1 0 1 0 1 1 0 1 0 1 1 1 1 1 1 0 0 1 0 0
48
1 1 0 1 1 1 1 0 0 1 0 0 0 1 1 0 0 1 0 0 1 0 0 1 1 0 0 0 1 0 1 0 1 1 1 1 1 1 0 1 0 0 0 0 0 1 0 1
7
1 1 0 0 1 0 1
31
1 1 1 1 0 0 0 0 0 0 1 0 1 0 0 1 1 1 0 0 0 1 1 1 1 1 0 1 0 0 0
35
1 0 0 0 1 0 1 0 1 1 0 1 0 1 0 0 1 0 0 1 1 1 1 1 0 0 1 0 1 1 1 0 1 0 0
10
0 1 1 1 0 1 1 0 1 0
54
1 0 1 1 0 0 0 0 0 0 0 1 1 1 1 1 1 1 0 0 1 0 1 1 0 1 0 0 1 1 1 0 0 0 1 1 0 1 0 0 0 1 1 1 0 0 1 0 1 1 0 0 1 1
6
1 1 0 1 0 1
17
1 1 1 0 1 0 0 1 0 1 0 1 1 0 0 0 0
60
1 0 0 1 1 1 1 1 1 1 1 0 0 1 1 0 0 0 0 1 0 0 1 1 1 1 0 1 0 1 1 0 1 1 1 0 0 1 1 0 1 1 0 0 0 0 1 1 1 0 1 1 0 1 1 1 1 0 0 0
76
1 1 0 1 0 0 1 0 1 0 1 0 0 0 0 1 1 1 0 0 1 0 0 0 0 1 1 1 0 1 0 1 0 1 1 0 0 0 0 0 1 1 0 0 1 0 0 1 1 1 0 0 1 1 0 1 1 1 0 0 1 1 1 1 0 0 1 0 0 1 1 1 1 1 1 0
42
1 0 0 0 0 1 0 0 1 1 0 0 1 1 0 1 0 0 1 1 1 1 1 1 0 1 0 1 1 1 0 1 1 1 1 0 1 0 0 1 0 0
64
1 0 0 0 0 1 1 0 0 1 1 1 0 1 1 0 0 1 0 0 0 1 0 1 1 0 0 0 1 1 1 1 1 0 1 0 1 0 0 0 1 0 0 1 0 0 1 1 0 0 0 1 1 0 1 0 0 1 0 1 0 0 0 0
51
0 1 1 1 0 1 0 0 1 0 1 1 1 1 0 1 1 1 0 0 1 1 0 1 0 1 1 1 0 1 0 0 1 0 0 0 1 0 0 0 0 0 0 0 0 1 0 1 0 0 1
54
1 1 1 1 1 0 1 0 0 0 1 0 1 1 0 1 1 0 1 0 1 0 0 0 1 1 0 0 1 1 0 1 1 1 0 0 0 1 0 0 0 0 0 1 0 0 1 0 1 1 1 1 0 0
49
0 0 1 1 0 1 1 1 0 0 1 1 0 0 0 1 0 1 1 1 1 0 0 0 1 1 1 1 0 0 1 0 1 1 0 0 1 0 1 1 0 0 1 0 0 0 1 1 0
95
0 0 1 0 0 0 1 0 1 0 0 1 1 0 0 0 0 0 1 0 0 0 1 0 1 0 0 1 1 0 0 1 1 1 0 1 1 1 0 1 0 0 0 1 1 1 1 0 1 0 0 1 0 1 1 0 0 0 0 0 1 0 1 0 1 1 0 1 1 0 1 1 0 1 1 0 0 1 1 1 1 0 1 1 0 1 1 1 0 0 1 0 1 0 0
21
1 1 0 1 0 1 1 0 1 0 1 1 0 0 1 0 0 0 1 1 0
10
1 0 0 0 1 1 1 0 1 0
6
0 0 1 0 1 1
67
0 0 1 0 0 1 0 0 1 1 1 0 0 1 0 0 0 0 0 0 0 0 0 0 0 1 0 1 1 1 1 0 1 1 0 1 0 1 0 0 1 1 1 1 1 1 0 1 0 0 0 1 0 1 1 0 1 0 1 1 1 0 1 0 0 0 0
31
1 1 0 1 1 0 0 0 0 1 0 1 1 0 1 0 1 1 0 0 1 0 0 1 0 0 0 0 1 0 0
43
0 1 1 0 0 1 1 1 0 1 0 0 1 0 1 0 1 0 1 1 0 1 0 1 1 0 0 0 1 1 1 0 1 0 1 0 0 0 0 1 0 1 0
33
0 0 0 0 0 0 1 1 0 1 0 0 0 1 0 0 1 0 1 1 0 0 1 1 0 1 1 1 0 0 0 1 1
76
1 0 1 1 1 1 0 0 0 1 0 0 1 1 1 1 0 1 0 1 0 0 1 0 1 0 0 1 0 1 0 0 0 1 0 0 1 0 1 1 0 1 0 0 1 1 1 1 0 0 1 1 1 0 0 0 0 1 0 0 0 1 0 0 0 1 0 0 1 0 1 1 0 0 1 1
38
0 1 0 1 1 0 1 0 1 0 0 0 1 1 0 1 0 1 1 0 1 0 0 0 0 0 1 1 1 1 0 1 1 1 0 1 1 1
12
1 1 1 0 0 0 0 1 0 1 0 1
83
0 0 0 0 0 0 1 0 1 1 0 0 0 1 0 0 0 0 1 1 0 1 1 1 0 1 1 1 0 1 0 0 1 0 0 1 1 0 1 1 1 1 0 1 0 0 0 0 0 1 1 1 1 1 1 0 1 1 0 1 1 1 1 1 0 0 1 1 0 0 1 1 0 1 0 1 0 0 0 1 0 1 0
25
1 1 1 1 1 0 0 0 0 1 0 0 0 1 1 1 0 0 0 1 0 1 0 0 1
39
1 0 0 0 0 0 0 1 0 1 1 1 1 1 1 0 1 0 0 0 1 1 0 0 0 1 1 1 1 1 0 1 0 0 0 0 1 0 1
44
1 0 0 0 0 0 0 1 0 1 1 0 0 1 0 0 0 0 0 0 0 0 1 1 1 0 1 0 1 0 0 0 1 0 1 1 1 0 1 0 0 1 1 1
16
1 1 0 0 0 0 0 0 1 1 0 0 1 0 1 1
67
0 0 0 1 0 1 1 0 0 1 1 1 1 0 1 0 1 1 0 0 1 0 1 1 0 1 0 0 1 0 0 0 0 0 0 1 0 1 1 0 0 0 0 1 0 1 0 0 0 1 1 1 1 1 1 1 0 1 0 0 1 0 0 1 0 1 1
100
0 1 1 0 0 0 1 0 0 0 0 0 1 1 1 0 0 1 0 1 0 0 1 0 0 1 0 1 0 0 0 0 1 0 0 0 0 0 1 1 1 0 0 1 1 1 0 0 1 0 1 1 0 1 0 0 1 1 0 1 1 1 0 1 1 0 1 0 1 1 0 0 1 0 1 1 0 1 1 0 0 0 0 1 1 1 1 1 1 1 0 0 0 0 1 0 0 0 1 0
35
0 1 0 0 1 0 1 1 0 1 0 1 0 1 1 1 0 0 0 1 1 0 1 1 0 0 1 0 1 0 0 1 1 1 0
43
0 0 0 1 1 1 0 0 0 1 1 0 0 1 0 1 0 0 0 1 0 1 1 1 1 0 0 0 1 1 0 1 0 0 0 0 0 0 1 1 1 1 0
28
1 1 0 0 0 0 1 1 1 0 0 1 1 1 0 0 0 1 0 0 1 1 0 0 0 1 0 1
47
1 1 0 0 1 1 1 1 0 1 0 1 0 0 1 0 1 1 0 1 0 0 0 0 0 1 1 1 1 1 0 0 0 1 0 1 0 1 0 0 0 0 1 1 0 0 0
96
0 1 0 1 0 1 0 0 0 1 0 1 1 1 1 1 1 1 0 0 0 0 0 1 0 0 0 0 1 0 0 1 0 1 0 0 1 0 0 0 0 0 1 0 1 1 1 0 0 1 1 0 0 0 1 1 1 1 0 0 1 1 0 0 1 0 0 1 1 1 1 0 1 1 1 1 0 1 1 0 1 1 0 0 1 1 1 0 0 1 1 0 1 1 0 1
20
1 0 1 0 1 0 1 0 1 0 0 0 0 0 0 1 1 0 1 1
68
0 0 0 1 0 0 1 0 1 0 0 0 0 1 0 0 1 1 0 0 0 1 0 0 0 1 0 0 1 1 0 1 1 1 0 0 1 1 1 0 0 1 1 1 1 0 0 1 1 0 1 1 1 0 0 0 0 1 1 0 1 0 1 0 1 1 0 1
14
0 0 0 1 1 1 1 0 1 0 0 0 1 0
15
1 0 0 0 0 0 1 0 1 1 1 1 1 0 0
47
0 1 1 1 0 0 0 0 0 1 1 0 0 0 0 0 1 1 1 1 0 1 0 0 0 1 0 1 1 0 1 0 1 1 0 0 1 1 1 0 0 1 1 1 1 0 0
30
0 0 1 0 1 0 0 1 0 0 1 0 1 1 0 0 1 0 1 1 1 1 1 0 1 0 0 1 0 0
