10 10
9941 973 3968 721 6346 1379 3314 1935 6802 7313 
6962
6325
3479
9777
8150
1094
1285
2775
4297
5107
10 10
2611 4122 2561 2482 80 4186 3682 7690 3936 221 
1608
7376
2728
1125
8006
4296
2083
3253
9685
8786
10 10
1112 7053 2544 4565 3943 1783 8322 9119 3231 7204 
7432
8102
4820
123
3188
7785
1289
2866
9289
6594
10 10
1707 370 439 6808 4791 734 6843 2420 5830 6018 
9387
1817
9039
7080
6189
346
9725
2623
3053
8400
10 10
3084 9887 2776 9513 3687 2004 6429 9141 9598 640 
4923
4193
4981
459
7833
7176
6641
1354
1274
5926
